PH510 Assignment 4 - Task 4  (16 MPI ranks)
Two hard-sphere bosons in a 2D harmonic trap  [parallel]

Parameter scan wall time   = 18.421478 s
Final production wall time = 0.656053 s

   alpha      beta     energy / Ha       std err     variance / Ha^2    accept
----------------------------------------------------------------------------
  0.5000    0.1000      4.16603202    1.4685e-02      3.66215714e+00   58.00%
  0.5000    0.2000      3.53278806    1.1904e-02      2.66274424e+00   57.00%
  0.5000    0.3000      3.22971536    1.0861e-02      2.19345583e+00   56.61%
  0.5000    0.4000      3.04960578    9.9760e-03      2.03393332e+00   56.12%
  0.5000    0.5000      2.95218804    9.7707e-03      1.99576562e+00   55.95%
  0.5000    0.6000      2.86106812    9.8683e-03      1.98174977e+00   55.68%
  0.5000    1.0000      2.69806479    9.3494e-03      1.65561618e+00   54.92%
  0.5000    2.0000      2.58678917    9.4654e-03      1.77249467e+00   54.13%
  0.5000    3.5000      2.54117487    8.2151e-03      1.43923977e+00   53.54%
  0.5000    5.0000      2.52031255    8.7919e-03      1.38563321e+00   53.31%
  0.5000   10.0000      2.52235792    9.1292e-03      1.63989212e+00   53.03%
  0.6000    0.1000      3.52488186    1.1256e-02      2.35268693e+00   57.99%
  0.6000    0.2000      3.07335027    9.4242e-03      1.71282672e+00   57.04%
  0.6000    0.3000      2.84800981    8.1236e-03      1.45070430e+00   56.62%
  0.6000    0.4000      2.69406103    7.9095e-03      1.48770890e+00   56.47%
  0.6000    0.5000      2.62377040    7.9494e-03      1.28856079e+00   55.99%
  0.6000    0.6000      2.55429858    7.3651e-03      1.24990307e+00   56.05%
  0.6000    1.0000      2.41398899    8.1075e-03      1.92532288e+00   55.17%
  0.6000    2.0000      2.33059520    6.9634e-03      1.07430430e+00   54.00%
  0.6000    3.5000      2.29390828    7.1026e-03      1.29436116e+00   53.45%
  0.6000    5.0000      2.27723116    6.5668e-03      1.08394998e+00   53.21%
  0.6000   10.0000      2.27453163    7.1603e-03      1.23908434e+00   53.09%
  0.7000    0.1000      3.12477288    9.0049e-03      1.65658390e+00   58.13%
  0.7000    0.2000      2.75768625    7.4095e-03      1.19446551e+00   57.39%
  0.7000    0.3000      2.59250639    6.7783e-03      1.15531516e+00   56.93%
  0.7000    0.4000      2.48590421    6.8538e-03      1.05072557e+00   56.55%
  0.7000    0.5000      2.40765317    6.2252e-03      1.07255735e+00   56.29%
  0.7000    0.6000      2.36169079    6.6189e-03      1.29144394e+00   55.99%
  0.7000    1.0000      2.24848172    5.6394e-03      8.40163711e-01   55.06%
  0.7000    2.0000      2.18482913    5.4768e-03      9.83794041e-01   54.18%
  0.7000    3.5000      2.15822067    4.9301e-03      5.93161342e-01   53.72%
  0.7000    5.0000      2.14232133    5.6137e-03      9.07308102e-01   53.39%
  0.7000   10.0000      2.13326600    6.0096e-03      1.22949692e+00   53.25%
  0.8000    0.1000      2.83044973    8.0585e-03      1.58574203e+00   58.26%
  0.8000    0.2000      2.55686407    6.0587e-03      1.00122584e+00   57.45%
  0.8000    0.3000      2.41286106    6.0462e-03      1.03995421e+00   57.09%
  0.8000    0.4000      2.33669707    6.0065e-03      1.15528071e+00   56.54%
  0.8000    0.5000      2.28676500    4.9600e-03      7.11335682e-01   56.25%
  0.8000    0.6000      2.23056549    5.4340e-03      9.47510822e-01   55.97%
  0.8000    1.0000      2.15796600    5.1753e-03      1.11762751e+00   55.05%
  0.8000    2.0000      2.09044568    6.3726e-03      1.74514600e+00   54.19%
  0.8000    3.5000      2.07496327    4.6113e-03      8.13786675e-01   53.47%
  0.8000    5.0000      2.06127700    4.2655e-03      7.85743936e-01   53.33%
  0.8000   10.0000      2.05630680    3.7618e-03      5.14980511e-01   53.35%
  0.9000    0.1000      2.63836449    6.3586e-03      9.34297680e-01   58.39%
  0.9000    0.2000      2.41797036    5.5060e-03      8.90251553e-01   57.61%
  0.9000    0.3000      2.30338326    4.8741e-03      8.24078518e-01   57.09%
  0.9000    0.4000      2.24897211    4.7792e-03      7.64108929e-01   56.57%
  0.9000    0.5000      2.20286812    4.4723e-03      7.25662848e-01   56.19%
  0.9000    0.6000      2.16107304    4.3095e-03      8.05236925e-01   55.86%
  0.9000    1.0000      2.09033970    4.9314e-03      1.10859969e+00   55.21%
  0.9000    2.0000      2.04630595    4.6051e-03      9.57792695e-01   54.18%
  0.9000    3.5000      2.02049442    5.0004e-03      1.19388209e+00   53.57%
  0.9000    5.0000      2.01904762    3.8343e-03      6.98427787e-01   53.61%
  0.9000   10.0000      2.01750157    4.0191e-03      6.96790400e-01   53.34%
  1.0000    0.1000      2.49691723    7.0803e-03      1.70964180e+00   58.38%
  1.0000    0.2000      2.32139735    5.5277e-03      1.21018646e+00   57.44%
  1.0000    0.3000      2.23533379    5.6889e-03      1.13232072e+00   57.08%
  1.0000    0.4000      2.17949761    5.6768e-03      1.43912316e+00   56.47%
  1.0000    0.5000      2.14155506    5.9810e-03      1.71771379e+00   56.31%
  1.0000    0.6000      2.12006472    4.0774e-03      8.48783901e-01   56.02%
  1.0000    1.0000      2.06747980    4.3948e-03      1.01367331e+00   55.17%
  1.0000    2.0000      2.02793371    4.6778e-03      1.06142607e+00   54.14%
  1.0000    3.5000      2.02115970    3.3758e-03      5.73557594e-01   53.62%
  1.0000    5.0000      2.00911321    4.9868e-03      1.25237543e+00   53.55%
  1.0000   10.0000      2.00451171    3.9491e-03      7.84740726e-01   53.13%
  1.1000    0.1000      2.40877227    4.7020e-03      7.49198703e-01   58.17%
  1.1000    0.2000      2.26438053    5.5334e-03      1.34845189e+00   57.56%
  1.1000    0.3000      2.19180389    5.1285e-03      1.26921955e+00   57.04%
  1.1000    0.4000      2.14540467    4.7629e-03      9.96410523e-01   56.75%
  1.1000    0.5000      2.11049231    6.2364e-03      1.76684232e+00   56.40%
  1.1000    0.6000      2.09838622    5.5108e-03      1.49391815e+00   56.08%
  1.1000    1.0000      2.06625051    4.2870e-03      8.59350139e-01   55.37%
  1.1000    2.0000      2.03441913    4.4389e-03      9.30681289e-01   54.33%
  1.1000    3.5000      2.02252848    4.0719e-03      7.86249363e-01   53.64%
  1.1000    5.0000      2.01269134    4.7929e-03      1.10005425e+00   53.36%
  1.1000   10.0000      2.01149268    4.8045e-03      1.08740603e+00   53.17%
  1.2000    0.1000      2.33974686    4.8580e-03      9.09480356e-01   58.55%
  1.2000    0.2000      2.22777846    5.6055e-03      1.28545767e+00   57.70%
  1.2000    0.3000      2.17154775    4.9356e-03      1.10919964e+00   56.97%
  1.2000    0.4000      2.12589370    5.7476e-03      1.50197407e+00   56.64%
  1.2000    0.5000      2.11478608    4.7622e-03      1.08605320e+00   56.53%
  1.2000    0.6000      2.09830215    4.9772e-03      1.16608267e+00   55.92%
  1.2000    1.0000      2.06267333    6.1251e-03      1.76852629e+00   55.07%
  1.2000    2.0000      2.04142864    6.3152e-03      1.69781456e+00   54.07%
  1.2000    3.5000      2.04333280    5.5441e-03      1.44205961e+00   53.69%
  1.2000    5.0000      2.03859548    6.0474e-03      1.69010714e+00   53.49%
  1.2000   10.0000      2.04133056    3.2959e-03      4.40309573e-01   52.98%
  1.3000    0.1000      2.29632325    5.6227e-03      1.33075095e+00   58.38%
  1.3000    0.2000      2.20167123    5.3066e-03      1.25085282e+00   57.43%
  1.3000    0.3000      2.16503651    5.1241e-03      1.13146472e+00   57.29%
  1.3000    0.4000      2.13698336    6.3708e-03      2.01818394e+00   56.71%
  1.3000    0.5000      2.12507816    5.1573e-03      1.15173012e+00   56.35%
  1.3000    0.6000      2.11358639    5.0923e-03      1.14401814e+00   56.05%
  1.3000    1.0000      2.08585846    6.1930e-03      1.61066286e+00   55.21%
  1.3000    2.0000      2.08508790    5.5573e-03      1.36992641e+00   54.26%
  1.3000    3.5000      2.07783313    5.8148e-03      1.46307155e+00   53.62%
  1.3000    5.0000      2.06890523    5.9578e-03      1.52802310e+00   53.40%
  1.3000   10.0000      2.07786972    4.1921e-03      6.10744552e-01   53.07%
  1.4000    0.1000      2.27469773    7.2333e-03      2.30452780e+00   58.35%
  1.4000    0.2000      2.21105719    5.2768e-03      1.16517596e+00   57.76%
  1.4000    0.3000      2.16763887    5.8509e-03      1.35730742e+00   57.01%
  1.4000    0.4000      2.14852280    7.1290e-03      2.28096768e+00   56.69%
  1.4000    0.5000      2.13389274    6.7543e-03      1.87667147e+00   56.33%
  1.4000    0.6000      2.14000010    5.9957e-03      1.51833886e+00   56.20%
  1.4000    1.0000      2.12115655    5.7381e-03      1.45038447e+00   55.16%
  1.4000    2.0000      2.11134903    6.4788e-03      1.57075360e+00   54.22%
  1.4000    3.5000      2.11223199    7.2883e-03      2.57314974e+00   53.90%
  1.4000    5.0000      2.11809498    6.1063e-03      1.25836039e+00   53.22%
  1.4000   10.0000      2.12242904    5.3643e-03      9.27416572e-01   53.26%
  1.5000    0.1000      2.27761172    5.7641e-03      1.19164672e+00   58.31%
  1.5000    0.2000      2.21857517    5.8279e-03      1.44442356e+00   57.72%
  1.5000    0.3000      2.19055981    6.2198e-03      1.54871459e+00   57.18%
  1.5000    0.4000      2.18025109    7.1659e-03      1.98075067e+00   56.75%
  1.5000    0.5000      2.17105105    6.0753e-03      1.64800951e+00   56.45%
  1.5000    0.6000      2.17049526    6.4888e-03      1.90760435e+00   55.81%
  1.5000    1.0000      2.16216790    6.8761e-03      1.58040246e+00   55.36%
  1.5000    2.0000      2.16490914    6.2593e-03      1.34181220e+00   54.07%
  1.5000    3.5000      2.16513536    6.8813e-03      1.86958500e+00   53.54%
  1.5000    5.0000      2.15928644    6.8110e-03      1.52345924e+00   53.42%
  1.5000   10.0000      2.16703878    6.3775e-03      1.17535695e+00   53.11%
----------------------------------------------------------------------------
Best energy:  alpha=1.0000  beta=10.0000  E=2.004512 +/- 3.95e-03 Ha
Lowest variance:  alpha=1.2000  beta=10.0000  Var=4.4031e-01 Ha^2

Final high-statistics parallel run:
  alpha            = 1.0000
  beta             = 10.0000
  Energy           = +2.004604 Ha
  Std. error       = 1.83e-03 Ha
  Variance         = 6.7268e-01 Ha^2
  Acceptance rate  = 53.10%
  Samples          = 200,000
  MPI ranks used   = 16
